# RANDOM: chaves em ordem aleatoria de insercao
RANDOM 1000
777
508
896
923
34
484
86
751
355
524
185
810
419
616
683
502
761
50
733
337
451
791
351
468
623
477
615
555
366
771
631
941
798
497
925
370
597
721
54
427
57
265
773
186
467
790
175
151
742
114
429
966
19
190
415
590
667
764
222
587
582
300
639
387
365
880
335
17
203
2
39
291
494
248
507
897
714
892
77
912
793
509
178
843
201
766
910
294
539
25
695
211
425
529
35
929
399
608
299
849
669
283
940
945
607
960
935
732
288
528
808
230
437
29
375
820
317
561
242
150
517
418
661
199
586
326
824
703
950
516
865
837
878
360
595
789
189
67
356
800
903
921
943
331
728
397
464
394
312
681
745
922
462
523
632
491
196
257
694
741
578
158
613
393
970
689
362
817
402
93
918
490
452
252
654
770
671
130
638
992
343
309
137
89
328
476
982
851
893
376
179
27
350
500
475
618
698
51
212
382
884
174
148
420
962
149
976
80
776
303
996
526
775
232
626
801
562
510
841
495
120
478
145
30
911
122
606
62
872
573
6
927
640
440
730
194
753
627
572
18
743
915
511
574
139
192
5
444
21
214
65
412
302
334
193
665
263
648
811
233
796
682
805
483
361
839
237
628
958
583
273
202
14
428
240
85
533
173
290
486
330
684
319
455
250
847
280
456
902
762
548
181
558
629
424
844
11
200
426
535
32
580
405
278
445
772
373
723
401
79
538
576
549
711
42
886
633
859
140
386
457
933
814
141
625
321
709
458
874
327
127
133
818
398
916
994
416
596
259
314
410
163
305
287
645
636
354
69
679
834
936
680
720
238
266
91
836
863
55
658
944
407
381
125
492
803
901
431
946
704
295
879
213
919
38
861
899
126
24
840
977
102
116
436
951
121
385
48
172
318
325
881
264
146
44
505
87
377
531
985
852
346
404
227
988
165
336
601
917
473
448
108
857
156
459
281
208
155
588
758
986
384
802
649
807
537
504
738
560
545
357
207
889
612
712
532
260
154
853
64
435
340
514
749
488
525
894
953
187
674
344
378
904
369
569
276
691
267
783
938
534
23
543
98
296
461
198
708
262
311
980
161
403
540
177
727
794
819
779
757
298
92
930
450
646
15
481
997
869
432
696
503
261
329
180
565
396
496
36
443
928
660
637
99
338
13
685
117
447
408
816
313
359
472
205
228
482
40
392
111
833
813
963
422
341
184
998
423
182
905
862
650
746
701
106
920
652
367
620
906
316
43
131
441
152
589
37
153
677
961
602
438
453
786
269
134
342
804
46
284
653
949
53
822
780
978
600
209
352
216
289
279
954
821
110
119
942
138
107
307
973
9
823
310
557
744
635
292
379
890
630
358
713
621
519
663
551
76
103
577
858
10
75
952
469
308
135
860
885
245
642
210
268
871
536
579
846
969
84
41
609
593
854
584
123
414
241
724
610
767
191
83
521
877
806
784
515
489
848
673
59
322
692
556
594
838
223
304
717
159
499
570
898
293
466
989
400
3
887
169
726
870
219
493
716
752
171
243
981
16
554
668
52
990
564
454
78
256
913
718
188
830
144
967
815
706
924
255
112
348
413
63
101
662
670
690
56
479
421
756
363
442
675
947
97
195
417
710
249
485
591
585
136
754
220
768
686
286
244
527
729
339
873
70
875
61
647
725
73
8
968
735
236
568
603
22
347
828
231
254
124
463
530
449
832
972
688
845
320
731
206
707
939
785
867
434
622
541
856
170
563
487
676
132
129
546
71
498
750
88
934
866
247
60
246
315
372
809
20
501
332
614
1
544
553
166
799
383
835
974
895
797
1000
306
641
109
520
183
781
513
931
737
740
4
909
162
446
932
999
956
657
788
900
769
937
699
118
739
831
12
567
258
542
480
964
391
395
66
611
957
697
812
959
643
157
113
49
774
94
506
522
142
882
926
409
598
439
599
765
270
552
975
763
253
993
272
147
470
659
406
512
672
218
323
736
581
217
68
275
411
324
825
983
842
235
58
795
787
864
333
702
225
571
705
656
277
389
474
168
995
747
547
176
908
624
74
664
700
971
274
687
215
364
380
167
374
855
651
465
955
948
104
888
979
876
82
297
792
234
678
47
72
722
197
592
371
883
907
634
644
850
301
566
81
388
128
550
471
748
45
827
271
619
353
868
368
100
390
95
991
345
782
221
160
965
349
984
715
164
826
778
7
891
829
285
604
460
226
430
987
719
666
734
204
575
28
617
518
239
224
96
31
33
433
605
90
559
914
759
693
105
755
143
229
251
282
760
26
115
655
# SORTED: chaves em ordem crescente de insercao (pior caso para BST comum)
SORTED 1000
1
2
3
4
5
6
7
8
9
10
11
12
13
14
15
16
17
18
19
20
21
22
23
24
25
26
27
28
29
30
31
32
33
34
35
36
37
38
39
40
41
42
43
44
45
46
47
48
49
50
51
52
53
54
55
56
57
58
59
60
61
62
63
64
65
66
67
68
69
70
71
72
73
74
75
76
77
78
79
80
81
82
83
84
85
86
87
88
89
90
91
92
93
94
95
96
97
98
99
100
101
102
103
104
105
106
107
108
109
110
111
112
113
114
115
116
117
118
119
120
121
122
123
124
125
126
127
128
129
130
131
132
133
134
135
136
137
138
139
140
141
142
143
144
145
146
147
148
149
150
151
152
153
154
155
156
157
158
159
160
161
162
163
164
165
166
167
168
169
170
171
172
173
174
175
176
177
178
179
180
181
182
183
184
185
186
187
188
189
190
191
192
193
194
195
196
197
198
199
200
201
202
203
204
205
206
207
208
209
210
211
212
213
214
215
216
217
218
219
220
221
222
223
224
225
226
227
228
229
230
231
232
233
234
235
236
237
238
239
240
241
242
243
244
245
246
247
248
249
250
251
252
253
254
255
256
257
258
259
260
261
262
263
264
265
266
267
268
269
270
271
272
273
274
275
276
277
278
279
280
281
282
283
284
285
286
287
288
289
290
291
292
293
294
295
296
297
298
299
300
301
302
303
304
305
306
307
308
309
310
311
312
313
314
315
316
317
318
319
320
321
322
323
324
325
326
327
328
329
330
331
332
333
334
335
336
337
338
339
340
341
342
343
344
345
346
347
348
349
350
351
352
353
354
355
356
357
358
359
360
361
362
363
364
365
366
367
368
369
370
371
372
373
374
375
376
377
378
379
380
381
382
383
384
385
386
387
388
389
390
391
392
393
394
395
396
397
398
399
400
401
402
403
404
405
406
407
408
409
410
411
412
413
414
415
416
417
418
419
420
421
422
423
424
425
426
427
428
429
430
431
432
433
434
435
436
437
438
439
440
441
442
443
444
445
446
447
448
449
450
451
452
453
454
455
456
457
458
459
460
461
462
463
464
465
466
467
468
469
470
471
472
473
474
475
476
477
478
479
480
481
482
483
484
485
486
487
488
489
490
491
492
493
494
495
496
497
498
499
500
501
502
503
504
505
506
507
508
509
510
511
512
513
514
515
516
517
518
519
520
521
522
523
524
525
526
527
528
529
530
531
532
533
534
535
536
537
538
539
540
541
542
543
544
545
546
547
548
549
550
551
552
553
554
555
556
557
558
559
560
561
562
563
564
565
566
567
568
569
570
571
572
573
574
575
576
577
578
579
580
581
582
583
584
585
586
587
588
589
590
591
592
593
594
595
596
597
598
599
600
601
602
603
604
605
606
607
608
609
610
611
612
613
614
615
616
617
618
619
620
621
622
623
624
625
626
627
628
629
630
631
632
633
634
635
636
637
638
639
640
641
642
643
644
645
646
647
648
649
650
651
652
653
654
655
656
657
658
659
660
661
662
663
664
665
666
667
668
669
670
671
672
673
674
675
676
677
678
679
680
681
682
683
684
685
686
687
688
689
690
691
692
693
694
695
696
697
698
699
700
701
702
703
704
705
706
707
708
709
710
711
712
713
714
715
716
717
718
719
720
721
722
723
724
725
726
727
728
729
730
731
732
733
734
735
736
737
738
739
740
741
742
743
744
745
746
747
748
749
750
751
752
753
754
755
756
757
758
759
760
761
762
763
764
765
766
767
768
769
770
771
772
773
774
775
776
777
778
779
780
781
782
783
784
785
786
787
788
789
790
791
792
793
794
795
796
797
798
799
800
801
802
803
804
805
806
807
808
809
810
811
812
813
814
815
816
817
818
819
820
821
822
823
824
825
826
827
828
829
830
831
832
833
834
835
836
837
838
839
840
841
842
843
844
845
846
847
848
849
850
851
852
853
854
855
856
857
858
859
860
861
862
863
864
865
866
867
868
869
870
871
872
873
874
875
876
877
878
879
880
881
882
883
884
885
886
887
888
889
890
891
892
893
894
895
896
897
898
899
900
901
902
903
904
905
906
907
908
909
910
911
912
913
914
915
916
917
918
919
920
921
922
923
924
925
926
927
928
929
930
931
932
933
934
935
936
937
938
939
940
941
942
943
944
945
946
947
948
949
950
951
952
953
954
955
956
957
958
959
960
961
962
963
964
965
966
967
968
969
970
971
972
973
974
975
976
977
978
979
980
981
982
983
984
985
986
987
988
989
990
991
992
993
994
995
996
997
998
999
1000
# REVERSE: chaves em ordem decrescente de insercao (outro pior caso para BST comum)
REVERSE 1000
1000
999
998
997
996
995
994
993
992
991
990
989
988
987
986
985
984
983
982
981
980
979
978
977
976
975
974
973
972
971
970
969
968
967
966
965
964
963
962
961
960
959
958
957
956
955
954
953
952
951
950
949
948
947
946
945
944
943
942
941
940
939
938
937
936
935
934
933
932
931
930
929
928
927
926
925
924
923
922
921
920
919
918
917
916
915
914
913
912
911
910
909
908
907
906
905
904
903
902
901
900
899
898
897
896
895
894
893
892
891
890
889
888
887
886
885
884
883
882
881
880
879
878
877
876
875
874
873
872
871
870
869
868
867
866
865
864
863
862
861
860
859
858
857
856
855
854
853
852
851
850
849
848
847
846
845
844
843
842
841
840
839
838
837
836
835
834
833
832
831
830
829
828
827
826
825
824
823
822
821
820
819
818
817
816
815
814
813
812
811
810
809
808
807
806
805
804
803
802
801
800
799
798
797
796
795
794
793
792
791
790
789
788
787
786
785
784
783
782
781
780
779
778
777
776
775
774
773
772
771
770
769
768
767
766
765
764
763
762
761
760
759
758
757
756
755
754
753
752
751
750
749
748
747
746
745
744
743
742
741
740
739
738
737
736
735
734
733
732
731
730
729
728
727
726
725
724
723
722
721
720
719
718
717
716
715
714
713
712
711
710
709
708
707
706
705
704
703
702
701
700
699
698
697
696
695
694
693
692
691
690
689
688
687
686
685
684
683
682
681
680
679
678
677
676
675
674
673
672
671
670
669
668
667
666
665
664
663
662
661
660
659
658
657
656
655
654
653
652
651
650
649
648
647
646
645
644
643
642
641
640
639
638
637
636
635
634
633
632
631
630
629
628
627
626
625
624
623
622
621
620
619
618
617
616
615
614
613
612
611
610
609
608
607
606
605
604
603
602
601
600
599
598
597
596
595
594
593
592
591
590
589
588
587
586
585
584
583
582
581
580
579
578
577
576
575
574
573
572
571
570
569
568
567
566
565
564
563
562
561
560
559
558
557
556
555
554
553
552
551
550
549
548
547
546
545
544
543
542
541
540
539
538
537
536
535
534
533
532
531
530
529
528
527
526
525
524
523
522
521
520
519
518
517
516
515
514
513
512
511
510
509
508
507
506
505
504
503
502
501
500
499
498
497
496
495
494
493
492
491
490
489
488
487
486
485
484
483
482
481
480
479
478
477
476
475
474
473
472
471
470
469
468
467
466
465
464
463
462
461
460
459
458
457
456
455
454
453
452
451
450
449
448
447
446
445
444
443
442
441
440
439
438
437
436
435
434
433
432
431
430
429
428
427
426
425
424
423
422
421
420
419
418
417
416
415
414
413
412
411
410
409
408
407
406
405
404
403
402
401
400
399
398
397
396
395
394
393
392
391
390
389
388
387
386
385
384
383
382
381
380
379
378
377
376
375
374
373
372
371
370
369
368
367
366
365
364
363
362
361
360
359
358
357
356
355
354
353
352
351
350
349
348
347
346
345
344
343
342
341
340
339
338
337
336
335
334
333
332
331
330
329
328
327
326
325
324
323
322
321
320
319
318
317
316
315
314
313
312
311
310
309
308
307
306
305
304
303
302
301
300
299
298
297
296
295
294
293
292
291
290
289
288
287
286
285
284
283
282
281
280
279
278
277
276
275
274
273
272
271
270
269
268
267
266
265
264
263
262
261
260
259
258
257
256
255
254
253
252
251
250
249
248
247
246
245
244
243
242
241
240
239
238
237
236
235
234
233
232
231
230
229
228
227
226
225
224
223
222
221
220
219
218
217
216
215
214
213
212
211
210
209
208
207
206
205
204
203
202
201
200
199
198
197
196
195
194
193
192
191
190
189
188
187
186
185
184
183
182
181
180
179
178
177
176
175
174
173
172
171
170
169
168
167
166
165
164
163
162
161
160
159
158
157
156
155
154
153
152
151
150
149
148
147
146
145
144
143
142
141
140
139
138
137
136
135
134
133
132
131
130
129
128
127
126
125
124
123
122
121
120
119
118
117
116
115
114
113
112
111
110
109
108
107
106
105
104
103
102
101
100
99
98
97
96
95
94
93
92
91
90
89
88
87
86
85
84
83
82
81
80
79
78
77
76
75
74
73
72
71
70
69
68
67
66
65
64
63
62
61
60
59
58
57
56
55
54
53
52
51
50
49
48
47
46
45
44
43
42
41
40
39
38
37
36
35
34
33
32
31
30
29
28
27
26
25
24
23
22
21
20
19
18
17
16
15
14
13
12
11
10
9
8
7
6
5
4
3
2
1
