# INSERT: chaves a inserir na arvore, uma por linha, na ordem dada
INSERT 1000
777
508
896
923
34
484
86
751
355
524
185
810
419
616
683
502
761
50
733
337
451
791
351
468
623
477
615
555
366
771
631
941
798
497
925
370
597
721
54
427
57
265
773
186
467
790
175
151
742
114
429
966
19
190
415
590
667
764
222
587
582
300
639
387
365
880
335
17
203
2
39
291
494
248
507
897
714
892
77
912
793
509
178
843
201
766
910
294
539
25
695
211
425
529
35
929
399
608
299
849
669
283
940
945
607
960
935
732
288
528
808
230
437
29
375
820
317
561
242
150
517
418
661
199
586
326
824
703
950
516
865
837
878
360
595
789
189
67
356
800
903
921
943
331
728
397
464
394
312
681
745
922
462
523
632
491
196
257
694
741
578
158
613
393
970
689
362
817
402
93
918
490
452
252
654
770
671
130
638
992
343
309
137
89
328
476
982
851
893
376
179
27
350
500
475
618
698
51
212
382
884
174
148
420
962
149
976
80
776
303
996
526
775
232
626
801
562
510
841
495
120
478
145
30
911
122
606
62
872
573
6
927
640
440
730
194
753
627
572
18
743
915
511
574
139
192
5
444
21
214
65
412
302
334
193
665
263
648
811
233
796
682
805
483
361
839
237
628
958
583
273
202
14
428
240
85
533
173
290
486
330
684
319
455
250
847
280
456
902
762
548
181
558
629
424
844
11
200
426
535
32
580
405
278
445
772
373
723
401
79
538
576
549
711
42
886
633
859
140
386
457
933
814
141
625
321
709
458
874
327
127
133
818
398
916
994
416
596
259
314
410
163
305
287
645
636
354
69
679
834
936
680
720
238
266
91
836
863
55
658
944
407
381
125
492
803
901
431
946
704
295
879
213
919
38
861
899
126
24
840
977
102
116
436
951
121
385
48
172
318
325
881
264
146
44
505
87
377
531
985
852
346
404
227
988
165
336
601
917
473
448
108
857
156
459
281
208
155
588
758
986
384
802
649
807
537
504
738
560
545
357
207
889
612
712
532
260
154
853
64
435
340
514
749
488
525
894
953
187
674
344
378
904
369
569
276
691
267
783
938
534
23
543
98
296
461
198
708
262
311
980
161
403
540
177
727
794
819
779
757
298
92
930
450
646
15
481
997
869
432
696
503
261
329
180
565
396
496
36
443
928
660
637
99
338
13
685
117
447
408
816
313
359
472
205
228
482
40
392
111
833
813
963
422
341
184
998
423
182
905
862
650
746
701
106
920
652
367
620
906
316
43
131
441
152
589
37
153
677
961
602
438
453
786
269
134
342
804
46
284
653
949
53
822
780
978
600
209
352
216
289
279
954
821
110
119
942
138
107
307
973
9
823
310
557
744
635
292
379
890
630
358
713
621
519
663
551
76
103
577
858
10
75
952
469
308
135
860
885
245
642
210
268
871
536
579
846
969
84
41
609
593
854
584
123
414
241
724
610
767
191
83
521
877
806
784
515
489
848
673
59
322
692
556
594
838
223
304
717
159
499
570
898
293
466
989
400
3
887
169
726
870
219
493
716
752
171
243
981
16
554
668
52
990
564
454
78
256
913
718
188
830
144
967
815
706
924
255
112
348
413
63
101
662
670
690
56
479
421
756
363
442
675
947
97
195
417
710
249
485
591
585
136
754
220
768
686
286
244
527
729
339
873
70
875
61
647
725
73
8
968
735
236
568
603
22
347
828
231
254
124
463
530
449
832
972
688
845
320
731
206
707
939
785
867
434
622
541
856
170
563
487
676
132
129
546
71
498
750
88
934
866
247
60
246
315
372
809
20
501
332
614
1
544
553
166
799
383
835
974
895
797
1000
306
641
109
520
183
781
513
931
737
740
4
909
162
446
932
999
956
657
788
900
769
937
699
118
739
831
12
567
258
542
480
964
391
395
66
611
957
697
812
959
643
157
113
49
774
94
506
522
142
882
926
409
598
439
599
765
270
552
975
763
253
993
272
147
470
659
406
512
672
218
323
736
581
217
68
275
411
324
825
983
842
235
58
795
787
864
333
702
225
571
705
656
277
389
474
168
995
747
547
176
908
624
74
664
700
971
274
687
215
364
380
167
374
855
651
465
955
948
104
888
979
876
82
297
792
234
678
47
72
722
197
592
371
883
907
634
644
850
301
566
81
388
128
550
471
748
45
827
271
619
353
868
368
100
390
95
991
345
782
221
160
965
349
984
715
164
826
778
7
891
829
285
604
460
226
430
987
719
666
734
204
575
28
617
518
239
224
96
31
33
433
605
90
559
914
759
693
105
755
143
229
251
282
760
26
115
655
# ACCESS: sequencia de acessos (busca) para medir efeito do splaying
ACCESS 5000
409
100
493
300
532
300
426
71
609
23
647
593
703
850
100
248
493
117
59
497
836
493
984
358
426
657
757
462
508
14
885
256
493
703
100
273
409
23
989
823
439
148
627
627
70
823
823
6
805
70
300
844
32
148
462
588
446
123
423
450
952
703
804
471
409
480
757
657
823
473
245
42
701
789
248
497
177
804
70
42
793
18
409
426
234
14
657
703
14
92
71
192
532
567
497
409
23
885
256
947
397
527
426
480
947
248
804
804
588
637
735
92
952
321
532
804
232
678
947
952
409
245
588
71
885
740
273
494
952
702
71
757
844
788
446
195
353
273
148
844
256
100
290
111
933
59
13
922
494
332
984
275
426
588
627
71
18
788
375
6
439
93
92
804
874
627
195
493
947
728
256
674
14
674
148
493
100
256
561
72
71
42
984
627
995
245
788
23
59
844
296
703
248
494
70
300
70
973
527
23
952
947
23
885
148
674
561
462
561
93
245
804
23
6
783
493
561
426
70
100
248
657
300
804
532
409
42
757
296
494
804
353
532
18
70
6
426
497
256
76
439
245
952
999
353
273
952
462
245
497
439
703
494
104
757
726
439
245
902
100
446
24
70
984
674
23
850
148
762
353
397
885
703
71
561
493
148
703
952
273
248
245
494
300
296
296
703
657
493
527
14
462
245
892
674
23
92
609
984
148
984
657
93
409
35
497
248
426
446
494
762
788
462
757
353
670
193
18
300
703
527
78
703
248
397
93
788
561
561
100
952
446
195
273
426
462
248
674
481
846
657
462
885
59
695
527
823
561
93
256
281
59
885
42
59
71
18
245
159
944
245
952
42
984
823
416
42
844
674
605
42
462
256
296
757
494
362
497
14
160
245
757
300
762
409
762
195
71
561
703
561
947
6
776
397
36
757
850
762
581
18
6
663
498
792
426
100
462
532
494
965
23
984
947
426
23
497
756
70
273
408
844
6
588
337
70
353
532
273
627
148
93
627
367
23
397
70
588
947
527
426
256
850
462
480
790
256
23
92
353
497
674
844
14
42
757
409
527
335
804
702
702
305
786
14
195
702
757
42
627
532
931
480
527
493
850
426
426
527
657
657
446
823
409
561
952
532
885
788
462
568
23
300
561
92
42
480
925
71
256
703
844
984
100
627
527
480
326
18
296
538
493
844
869
823
426
104
729
92
273
792
823
255
256
627
147
493
439
804
713
426
984
315
148
397
657
561
850
757
248
844
885
342
762
823
850
888
702
439
788
14
42
248
245
300
397
23
42
18
757
93
493
635
446
71
804
885
148
296
70
823
952
800
462
657
627
947
885
480
344
762
854
702
493
338
446
426
441
947
952
273
42
273
497
18
703
195
397
256
92
561
100
668
627
497
59
256
702
984
195
823
6
70
462
93
984
520
848
462
823
6
87
627
610
353
913
6
42
757
494
248
850
93
480
71
397
317
561
70
296
757
6
1000
823
296
245
480
527
14
952
353
409
6
947
446
446
823
823
6
353
627
14
984
157
633
823
561
674
702
629
206
497
248
885
850
494
148
6
757
439
918
6
702
273
42
757
397
674
195
893
527
54
504
527
827
368
446
497
381
42
493
331
13
627
353
18
588
273
703
93
430
532
426
497
844
947
480
703
59
353
18
409
245
446
71
823
409
273
494
844
804
300
409
6
245
542
703
426
850
92
150
439
510
70
850
71
248
462
885
462
397
804
446
984
588
248
532
92
885
507
408
148
844
353
148
480
480
71
619
42
824
14
844
494
118
446
353
14
494
952
702
614
195
378
23
92
195
71
885
195
494
703
222
273
353
397
71
665
70
653
446
439
991
527
532
885
101
850
148
446
703
947
709
491
559
148
103
480
296
426
979
14
702
480
300
92
703
245
6
59
588
702
326
703
947
823
947
757
804
952
256
493
353
657
531
195
494
23
248
148
702
480
947
42
492
493
63
804
952
353
527
310
639
92
339
588
788
823
296
256
788
93
585
588
148
850
14
50
409
527
497
947
850
952
984
984
947
139
426
42
426
480
885
409
493
670
397
283
755
296
688
359
92
100
135
527
163
296
703
389
92
397
480
14
703
409
462
952
532
92
757
300
757
788
561
952
480
71
480
93
947
426
480
788
480
497
446
703
844
532
439
497
952
300
657
419
480
353
617
682
762
762
446
70
532
446
92
947
493
702
844
984
93
59
532
883
300
657
409
657
984
859
788
397
657
984
397
14
757
353
823
273
507
406
71
788
18
823
480
300
984
409
195
256
14
426
947
952
93
42
984
55
98
497
462
439
397
256
757
409
952
833
148
211
353
446
296
952
561
561
446
823
59
71
183
527
59
804
984
527
532
674
702
532
823
100
92
14
657
627
493
788
480
248
952
752
71
446
784
844
947
527
70
148
397
527
14
42
982
493
527
561
952
963
480
441
148
148
561
426
703
195
14
757
674
493
627
100
256
703
353
296
288
42
446
925
952
529
627
947
674
952
400
762
296
411
952
300
657
140
100
453
568
728
270
885
388
409
958
657
258
802
397
788
561
757
462
409
87
493
588
979
353
815
952
406
296
747
100
273
397
493
71
195
804
762
588
534
409
221
762
368
42
426
42
984
353
494
426
588
92
494
561
409
627
569
6
480
497
256
394
703
413
632
397
42
952
788
148
561
425
745
248
952
163
947
426
300
300
409
245
120
462
984
885
947
627
788
850
419
287
397
14
703
757
248
18
885
738
788
757
409
788
93
426
462
983
657
788
42
92
532
947
426
199
300
245
674
588
409
493
53
353
256
757
974
959
381
424
18
397
493
256
397
762
497
73
494
588
588
6
70
195
823
148
947
353
92
627
885
850
357
804
113
266
804
702
446
947
248
157
353
567
70
148
14
409
381
245
674
497
947
885
523
426
494
284
256
674
497
788
793
885
844
18
115
434
238
100
702
757
70
561
148
952
145
804
627
71
823
195
657
823
952
885
18
851
984
76
947
497
745
885
743
984
788
695
18
793
92
42
844
59
804
397
353
23
532
296
535
70
93
42
148
482
100
148
850
14
480
952
493
397
480
23
494
757
6
757
494
935
947
674
494
480
527
248
674
248
409
397
397
364
782
310
493
885
494
6
93
844
527
948
639
248
70
850
77
245
497
657
762
532
493
527
439
93
494
527
353
844
588
969
757
925
657
887
397
493
674
952
343
426
875
59
18
409
18
353
480
148
965
480
480
6
397
71
561
195
657
497
762
252
439
849
93
170
42
532
497
702
439
353
245
947
984
493
256
426
245
6
23
788
426
627
984
245
42
527
480
561
561
494
135
703
497
952
488
806
885
656
14
6
947
426
823
397
736
93
703
762
983
195
71
788
300
353
39
439
657
284
588
93
148
70
248
497
308
273
345
148
42
300
527
70
71
195
59
885
100
451
446
493
254
494
674
657
148
426
296
154
703
256
786
92
462
757
991
527
702
958
885
170
256
441
627
947
300
6
952
18
409
23
762
142
197
494
100
462
757
347
844
300
511
446
823
532
234
18
446
93
497
245
374
42
273
497
59
348
100
823
442
70
947
411
235
245
844
42
273
148
674
823
225
353
71
6
61
446
855
439
497
674
439
527
666
426
494
446
59
248
627
788
93
702
71
446
70
702
397
180
823
426
788
314
588
296
762
762
703
844
788
532
108
14
256
829
850
71
353
409
259
480
446
195
273
850
59
71
704
423
702
984
494
844
23
762
823
195
788
14
300
754
23
627
480
18
70
71
446
497
100
409
497
93
627
493
702
850
121
273
439
296
6
588
426
215
493
426
92
497
662
273
885
527
234
71
674
703
524
768
59
561
548
849
59
984
804
480
6
42
992
409
762
248
397
527
757
23
345
829
493
148
92
657
71
674
397
245
46
409
532
947
245
480
439
169
42
441
234
762
493
59
19
439
984
201
397
493
627
740
497
195
588
272
93
462
42
59
885
948
439
300
245
561
703
588
788
859
256
195
862
823
148
93
627
802
702
497
195
380
627
561
248
331
34
885
532
833
882
179
527
844
245
657
480
300
542
984
457
844
300
674
409
657
439
702
823
952
921
756
27
409
823
952
248
245
71
14
532
53
480
245
100
762
828
885
273
14
561
71
494
439
462
409
245
480
71
439
674
93
907
74
788
42
248
300
353
457
71
527
627
532
18
248
484
823
265
657
757
219
458
397
92
657
527
462
14
426
296
59
296
171
439
421
245
947
726
805
347
473
418
14
23
474
462
930
273
80
426
343
157
588
296
757
71
497
409
781
42
892
70
823
426
527
439
494
853
788
657
71
588
93
674
409
121
437
71
426
561
245
762
844
14
788
71
406
479
588
439
195
300
439
133
674
879
42
523
494
18
527
397
792
439
439
245
497
248
59
245
497
92
645
59
446
70
256
534
657
494
42
256
353
6
952
493
527
426
371
891
18
788
92
82
23
584
248
195
14
307
757
984
757
273
462
984
588
93
703
561
397
585
257
6
773
493
18
195
850
172
804
265
936
850
100
250
397
42
248
92
480
915
952
213
6
86
844
494
42
70
256
627
148
372
71
296
42
351
844
762
462
397
762
527
984
397
353
273
640
6
89
148
248
618
462
353
804
92
480
23
462
70
527
93
14
627
245
300
588
49
532
256
939
494
111
480
674
380
497
18
494
25
14
702
674
397
850
42
657
497
42
18
276
93
71
296
439
256
6
446
757
674
245
494
409
935
984
439
71
762
788
426
447
311
18
426
353
984
850
300
757
348
588
245
342
195
462
494
71
947
762
100
952
984
850
823
426
353
559
952
580
702
984
18
462
92
59
68
18
787
18
480
757
59
565
248
111
92
494
494
749
269
409
628
984
59
527
952
397
674
702
702
947
478
947
436
497
426
245
588
14
876
93
397
182
703
445
703
885
532
14
952
71
804
785
657
588
480
657
18
18
6
295
493
148
256
984
527
397
497
947
480
674
588
493
788
353
493
439
114
409
296
472
940
59
256
18
148
71
232
42
527
79
71
757
426
273
70
348
492
93
92
59
657
823
42
561
256
850
488
23
947
674
426
984
92
816
23
850
426
93
42
758
947
561
844
762
245
657
338
973
890
409
248
788
397
788
446
111
426
256
70
588
703
879
14
493
205
757
273
588
702
439
947
674
480
426
947
93
254
42
100
92
273
804
100
493
23
14
497
844
353
426
493
148
493
928
195
703
222
984
6
18
624
757
480
561
195
674
850
296
71
834
353
439
18
446
885
730
193
657
100
984
588
241
6
70
426
493
93
703
885
70
497
494
439
703
561
23
952
18
963
439
409
397
952
804
300
663
850
273
9
588
462
527
243
774
657
245
656
850
757
93
148
627
245
844
195
493
195
480
850
248
256
823
296
426
788
439
148
659
93
195
446
296
945
494
702
245
788
577
148
757
952
409
497
527
462
762
300
952
358
680
749
532
936
397
480
674
561
984
195
692
844
874
494
657
409
755
439
397
195
70
256
958
446
984
296
353
6
409
497
446
397
757
757
532
627
192
300
967
480
850
14
657
494
71
984
900
462
532
984
59
397
439
426
532
844
6
493
397
93
822
92
532
397
245
256
657
42
446
952
561
561
494
256
353
517
947
115
273
409
133
23
674
296
703
6
70
245
248
600
762
702
93
804
588
245
245
497
42
480
823
657
300
527
804
823
947
133
984
23
952
446
462
885
480
333
551
574
984
426
850
169
124
947
532
31
561
296
248
702
994
850
98
812
397
645
14
824
70
703
148
327
788
200
702
527
93
300
494
494
952
757
462
685
256
480
844
494
703
26
148
245
739
527
540
423
804
938
195
480
984
674
14
823
850
804
467
361
984
265
850
885
561
446
273
532
885
70
42
353
527
409
984
561
804
823
221
18
42
512
353
627
788
850
353
462
762
480
762
642
644
70
823
446
757
711
627
510
703
804
493
588
493
248
804
426
588
439
788
296
70
952
195
300
426
148
654
93
409
439
804
256
849
657
480
831
439
6
409
836
850
296
497
788
426
409
823
300
330
93
844
493
788
527
412
702
23
627
296
148
59
788
788
273
92
462
757
71
984
93
971
59
251
6
42
70
14
443
148
222
321
71
14
397
952
70
23
480
762
480
627
956
657
100
493
985
446
446
256
757
426
23
462
59
974
416
70
497
269
844
195
823
199
195
300
944
195
757
446
703
296
702
14
561
100
100
93
497
952
100
823
84
92
59
885
6
19
885
984
300
913
867
952
702
245
201
699
397
409
804
42
804
494
93
256
409
863
657
23
627
804
723
300
462
823
657
92
14
248
93
762
857
296
515
532
59
947
245
823
493
300
439
561
984
497
300
480
42
426
844
575
588
245
14
93
702
657
71
532
952
724
462
844
880
439
777
952
273
334
248
657
984
14
527
702
256
689
245
588
23
493
844
42
883
409
532
804
439
857
527
588
353
462
14
195
268
256
6
766
353
703
804
850
35
788
245
788
248
885
110
6
6
59
273
195
300
353
18
6
397
273
52
493
462
100
93
18
627
248
245
527
409
527
195
426
322
689
900
812
245
788
397
952
18
627
804
446
703
302
823
18
532
561
657
828
945
924
532
42
381
497
248
757
947
248
850
409
314
71
92
497
71
494
18
23
885
249
440
255
627
300
245
42
527
206
273
92
100
409
812
18
92
885
59
486
280
92
702
527
497
757
93
561
497
92
18
23
578
588
686
70
984
462
757
532
353
92
588
409
111
14
385
446
788
56
14
431
804
273
527
480
446
497
952
788
702
702
248
480
14
493
561
761
885
353
627
42
804
748
578
494
54
493
6
171
409
588
885
389
804
248
497
300
494
702
674
657
71
844
296
248
92
70
762
439
947
773
788
757
493
588
426
248
953
757
844
788
561
527
195
823
426
446
588
702
850
171
703
589
757
296
702
70
6
762
195
256
532
93
831
497
14
23
627
947
248
148
71
21
657
947
702
494
248
532
93
480
804
788
100
844
397
844
804
762
494
499
788
518
439
425
850
296
804
353
947
532
248
90
588
195
6
462
850
409
432
426
588
148
921
947
426
245
823
397
23
928
823
256
823
788
409
195
703
93
296
426
59
885
71
885
256
195
527
823
823
844
648
42
703
409
674
657
100
532
92
561
850
117
71
666
93
71
842
160
804
984
711
178
100
70
296
788
148
9
313
561
23
92
494
284
148
42
657
245
439
446
446
18
256
812
741
804
171
498
527
374
245
762
195
41
18
296
195
952
561
762
627
712
957
804
817
674
462
823
273
937
84
397
561
627
195
439
23
494
426
300
248
757
23
561
426
649
657
462
96
984
532
256
952
561
529
561
148
711
353
691
148
248
70
6
780
2
784
426
788
525
804
703
626
480
493
446
127
674
23
70
788
408
245
187
409
23
100
92
256
397
18
6
705
462
23
770
70
409
762
256
952
273
92
757
703
703
657
176
736
71
256
248
70
850
757
59
770
70
702
439
850
750
703
187
92
844
40
409
561
556
59
446
627
409
494
296
426
703
92
6
195
195
462
6
18
446
703
627
120
702
952
70
405
861
462
93
397
248
850
702
328
138
353
296
792
256
527
497
952
691
494
703
878
850
703
273
195
493
273
674
561
148
532
92
217
71
588
905
984
245
627
984
497
762
702
300
612
532
100
757
100
42
436
300
963
70
497
493
788
631
885
652
527
71
446
497
245
757
804
245
462
59
973
703
532
824
657
819
195
245
327
130
844
480
627
493
71
6
762
984
248
716
757
69
248
256
674
703
946
532
952
885
947
446
409
446
762
657
245
268
148
409
23
165
657
493
71
493
703
762
256
562
92
119
18
397
494
426
248
59
397
359
952
42
131
708
657
984
462
703
23
850
593
245
513
548
954
678
532
544
850
804
70
703
532
92
148
273
18
947
627
23
446
439
569
195
100
18
100
527
195
422
885
25
446
734
430
245
504
332
193
674
627
248
780
426
627
657
248
674
532
497
100
18
222
256
627
532
947
991
70
823
446
300
674
885
245
439
788
325
254
947
208
984
693
426
118
296
252
188
757
195
426
905
148
658
497
785
92
300
439
804
703
42
561
844
702
657
627
850
757
964
300
657
674
527
657
702
256
480
965
23
282
93
426
232
762
93
18
256
397
823
757
696
746
823
100
493
532
223
273
702
148
23
18
561
377
42
588
657
738
823
532
18
439
59
447
898
217
674
484
93
984
844
858
527
462
59
921
823
70
657
844
100
532
18
703
134
762
493
70
245
561
70
527
18
804
493
952
75
493
353
878
296
500
932
100
245
248
34
397
92
493
59
71
865
248
437
689
804
585
788
673
59
710
561
353
239
871
885
723
885
439
473
18
757
929
296
757
42
42
446
532
446
159
245
256
493
480
397
426
256
532
426
59
968
71
493
42
273
426
228
844
446
53
397
92
438
532
804
397
116
426
23
245
527
151
823
248
703
93
946
45
606
674
330
437
23
627
42
409
245
717
446
93
71
8
446
844
627
206
371
6
42
788
107
446
70
23
70
561
447
561
702
984
588
823
148
306
353
273
984
248
71
128
823
23
657
100
187
586
42
409
762
702
561
494
71
300
866
844
501
148
725
256
762
273
426
844
762
497
493
296
23
18
762
462
92
627
627
493
59
757
439
70
271
245
885
403
703
497
93
497
186
762
296
402
823
462
497
256
844
702
148
588
6
462
100
703
788
70
850
494
532
148
234
71
23
757
850
695
984
130
984
245
613
582
88
850
378
71
446
657
355
666
70
561
14
93
409
42
702
695
59
353
844
14
426
446
703
23
14
947
127
462
885
330
952
703
627
397
804
947
241
788
300
446
823
844
850
497
248
757
497
532
294
532
472
92
850
439
984
767
532
449
423
148
491
493
844
438
326
804
674
439
627
148
256
195
627
256
493
70
248
446
927
674
627
92
187
446
59
6
274
703
788
561
70
720
93
148
984
195
7
100
762
397
757
439
42
702
9
885
949
6
23
14
23
296
823
123
14
984
493
468
527
850
18
497
273
18
70
148
885
657
823
480
70
657
627
947
248
462
480
181
804
92
148
23
248
947
42
446
561
788
70
762
14
433
195
804
981
762
6
18
917
465
248
373
674
92
984
844
100
122
657
704
703
100
657
804
91
409
588
588
647
439
856
984
42
14
245
627
480
121
757
355
256
298
674
100
823
426
990
823
493
54
823
296
788
100
493
702
397
300
92
674
18
722
850
100
71
409
93
439
896
413
42
657
148
71
493
703
353
100
954
588
59
397
641
409
92
526
446
788
6
23
788
855
497
59
474
947
774
561
788
627
885
165
409
844
561
93
92
885
273
207
703
300
93
480
532
243
42
598
850
702
588
92
702
789
18
6
561
844
885
248
42
446
14
70
300
256
342
71
947
439
569
702
702
59
6
804
59
642
219
59
804
33
494
112
494
296
674
59
227
527
86
92
439
273
788
703
23
273
18
59
361
23
18
791
394
627
296
947
256
850
668
95
627
844
702
409
300
788
195
248
14
70
885
100
792
248
911
6
93
462
42
256
804
823
409
493
248
248
296
702
947
446
480
256
426
426
850
248
462
532
532
493
480
561
42
426
462
42
100
607
256
702
71
446
757
100
300
72
674
18
446
952
984
474
42
42
703
81
494
296
850
439
353
431
657
543
409
561
439
844
844
674
245
901
532
984
409
657
397
844
59
300
84
473
984
480
497
561
446
497
527
409
23
92
459
494
850
885
588
148
627
148
92
296
296
823
762
446
462
804
588
930
984
947
397
496
195
273
804
823
984
527
527
974
480
698
497
195
762
788
245
939
296
514
519
256
497
757
561
296
804
788
674
59
702
588
823
238
804
92
245
561
100
89
293
273
674
92
588
70
527
195
954
409
788
413
245
758
561
588
480
947
947
23
588
702
92
497
245
762
462
657
788
296
807
516
497
527
42
480
494
100
256
296
757
497
397
497
788
71
959
59
703
645
244
59
248
462
494
823
412
703
994
532
93
844
273
480
195
353
561
59
657
703
148
273
494
55
296
245
581
353
480
527
588
493
702
70
595
248
296
426
804
353
532
947
397
788
6
256
762
532
674
70
470
703
426
446
70
527
804
273
300
59
6
702
462
256
148
513
493
248
195
360
397
703
18
703
462
788
409
480
1000
6
256
71
245
18
71
947
245
419
426
480
248
910
702
638
428
462
591
83
148
353
820
757
70
296
738
588
225
497
409
148
353
527
823
493
627
296
885
703
148
93
788
273
627
59
947
71
588
703
286
195
850
480
703
493
59
59
59
571
256
480
952
324
804
207
844
627
445
956
87
71
6
245
788
787
788
195
1000
561
493
93
952
6
197
497
273
823
850
765
131
493
446
890
338
561
111
947
762
245
497
823
657
66
353
6
875
844
144
426
59
609
300
59
823
353
42
532
915
273
426
248
737
969
657
593
446
14
480
354
71
789
300
497
14
305
273
367
70
70
409
657
409
823
788
746
480
59
823
353
574
885
774
493
446
585
452
890
532
952
984
353
409
434
649
657
248
667
129
42
844
6
70
674
42
353
288
70
532
762
940
6
885
462
248
70
984
627
493
300
675
757
245
757
42
788
256
627
493
462
248
397
409
248
6
541
397
657
14
409
439
599
998
248
42
703
245
475
731
439
657
844
42
439
703
627
256
328
245
446
850
386
561
493
850
840
462
497
195
702
296
717
248
844
532
18
42
545
18
409
296
353
788
702
397
462
148
305
262
300
100
627
148
788
59
70
139
497
494
497
627
353
877
423
952
273
300
885
703
952
236
279
984
844
71
70
70
674
353
256
947
148
527
952
462
532
823
864
788
133
657
967
353
426
885
273
493
185
691
353
493
71
939
588
674
532
674
674
850
195
762
703
494
256
453
885
480
627
71
14
592
446
18
674
984
446
101
195
829
493
588
59
497
353
952
532
426
70
493
757
494
256
532
942
820
249
654
674
952
129
702
844
674
195
702
286
824
439
71
657
757
906
674
155
497
844
462
71
71
543
641
6
493
532
70
527
757
18
237
532
823
497
462
702
515
70
844
100
257
93
885
850
788
743
6
532
446
256
952
947
885
588
674
273
300
527
493
446
245
439
844
674
513
850
947
296
426
800
300
248
965
702
561
793
171
353
703
353
844
439
703
239
952
15
627
291
850
43
762
409
886
397
409
984
14
793
703
439
984
296
762
248
462
823
18
494
100
762
14
195
100
558
190
947
122
588
788
256
823
847
148
457
885
588
194
100
23
757
610
674
42
788
439
561
100
788
900
561
353
70
849
804
527
493
500
23
527
463
92
532
42
935
844
588
480
627
964
790
757
70
223
588
437
59
211
6
561
398
70
14
788
23
# HOTSET: chaves consideradas 'quentes' (para referencia/plot)
HOTSET 50
6
14
18
23
42
59
70
71
92
93
100
148
195
245
248
256
273
296
300
353
397
409
426
439
446
462
480
493
494
497
527
532
561
588
627
657
674
702
703
757
762
788
804
823
844
850
885
947
952
984
